x1 = 0.656031
x2 = 1.77118
x3 = 2.01032
x4 =  -2.4
amount of iterations = 1
