x1 = 0.894414
x2 = 1.86805
x3 = 2.37435
x4 = -2.11193
amount of iterations = 7
